59

111111111111191,17. 18. 191, 4. 201,
1111111111111 11. 11. 11... 11,

Hippodamiam 351, 17. 21. 351, 5.
-1111 351, 18.

Hippothoeu a. lpp.

Homerus 71, 10.

Horae 351, 11.

Hyacinthi 111, 15. 11111311, 11.

Hylam 111, 11.

Hyperion a. Yper. 1111111) 351, 11
aot.

11111111. 111, 11. ae, 11.

lapetos 311, 18.

ldaeam 351, 15.

leruselymis 191, 7. aff. llier.

lesus Christus 111, 2. 311,1. lesu
Christi 101, 10. lesum Christum
11, 4. 201, 5. 311, 11. 1111111281,

111111111351, 16.

ilienses 301, 27.

1111111351, 15. 17.

lo 351, 17.

1111111111 281, 13. 15. -aem 181, 2.
19 ,6.

lohel 191, 12.

loseph 121, 21. 23. 131, 10.

ippolhoea 111, 19.

lrene 351, 15.

11111171, 11. 101, 13.

111111 11, 11. -111 271, 23.

1111 11, 3. 7.10. 1110111 11, 1. lsim

lsrael 311, 3.
111111 121, 2.
iudae 191, 18.
111151, 13. 121, 3. 311, 18. -uouis
31,)22. -111151, 9. -nonem 31, 23.

luppiter 121, 17. 121, 5. louis 31, 21. 1

51, 7. 9. 81,18. 111,13. 111, 20.
11, 11. 11, a. 11. rou ca, 1.
1....111, rc. 11, 1. 11, aa.
311, 15. 311, 8. 1111111, 5. 1.
341, tato.

naonis 11, 1.

Karthaginis 261, 11.

ζ. Lacedaemonem 351, 31,

Laconem 311, 2.
Ladonis iluuii 361, 13.
Lamiam 351, 21.

Larissa 351, 31.

Latiaris 261, 14.

Latonam 351, 22.

Lazarus 181, 19.

11111111351,22. .

Ledam 351, 22.

Lernaei 1151111211, 11.

1111135111.

Leuconesum 3111, 27.

Liber 51, 6. 111, 5. 20. 121,22. -ri
51,1. 11, a. 361, 18. 11118110.
21. 91,13. 111, 2. 151,22. 311,
23. -1181, 15.

Liberae 51, 1. -111181, 22.

Libyca 311, 21.

Locrus 351, 25.

Lucam 101, 11.

Lucina 101, 5.

Lana 121, 4. 101, 5. ¹

Lycaonis 351, 21.

Lyeurgus 61, 13. 17. -gam 121, 21.
-ge 71, lia. -ge 71, 5.

Lysitheam 351, 23.

Macarei 351, 25.

1111111111361, 28. -donum 101, 22.

Magi 41, 8. -111111111, 23.

Maiam 351, 31. 11111351, 33.

Mauthcam (1) 351, 11.

1111111211, 11. -riam 201, 1.

11111101, 15. 121, 15. -111111,15.
361, 17. -1111121, 11.

11111111111, 11.

Matidiam 311, 20.

1111111 161, 16.

Megacliten 351, 25.

1111111111351, 29.

Melchisedech 171, 12.

Menalippen 111, 10.

Mercurii 301, 16. -11111351, 33.

Minerua 61, 1. iob, 16. -111151,10.
13. -1111311, 22. -111151, 11.

1111111351, 17. -1111351, 16.
Μ1111111111, 18.

Mnemosyne 341, 20. -111 351, 25.
Mopsus 351, 4.

Motum 311, 11.

Moyses 221, 19. 271, 16.

Musae 351, 25.

Musaeus 351, 11.

Myrmidon 351, 18.

Naue 201, 2-1.
Nemesin 351, 26.
Neoptolemi 351, 27.

 

