INDEX NOMINUM.

....—-..-..

111111 15, 1551. 1151 nn, 1.
1515555221, 5.
1115151. ilehel.

Abraham 131, 8. 181, tn. 201, 13.
· 271,12. Abrahae (gen.) 201, 10.
(dat.) 171,13. 201,18. 281, 7.

Achaeum 351, 1.

Acheloi 351, 18.

Achillem 301, 20.

1511511 351, 15.

Adam 251, 15. 21. 201,1. 5.

Adonis 101, 11. 18. Adonem 301, 27.

1115555351, 13.

Aebutio 71, 18.

Aeginam 351, 12.

Aegyptii 131, 1. 3111, 27. -ornn 281, 0.

Aegyptus , -ti 11, 19. -155511, 11.
933) {iilo 21, 12. 131,15. 151, 17.
2 , .

Aesculapius 121, 20. ·pii 301, 20.

Aethlinm 351, 20.

Aethusam 111, 21.

Aetnaeum 301, 111.

Aser, 1115155131, 20.

Airoditen 351, 0.

151515351, 11.

1151555 (l) 351, 3.

Alcmenam 351, 11.

Alexander 351, 27. -drnm 301, 28.

Alexandriae 121, 17.

1151155111, 18.

11515515351, 10.

Amalec 271, 15. Amalech 221, 18.

Amphion 351, 11.

15551515555351, 11.

1515151351, 1.

Amymonen 111, 18.

⁵. Anchisae 121, 1.

Andromedam 301, 12.
Aniceti 351, 5.
Antiopen 351, 10.

155015 11, 8.

Apollo 121,18. 351, 22. -11515 101,
085 361), ¹⁴· 'linem ¹¹⁸, η· lob,
20. -1155 111, 11.

115551 (l) 351, 1.

11515351, 15. 21.

115155 351. 10.

11155351,20.

11515511111. 22.

Asopi 351, 12. 30. 301, 13.

Assyrii 31, 20. =

Asterion 351, 10.

1155555151, 15.

11155115 351, 21. 31. 351, 30.

Atticae 81, 0.

Atto ’.155551 111, tt. Attin ³¹, a.

1, 11

Atymnins 351, 22.

Bacchanaliornrn 71, 17.
Bellerofontis 351, 21.
85155301, 22.
Britannos 301, 3.
Britomartis 351, 20.

(latirus 55. 0111.

05115155 351, 20.

0151151311, 11. 01515 311, 10.17.21.

05111115351,21. 301, 11.

Carmen 351, 20.

Cassiepiam 351, 21. -

Castor 351, 21. 05515155 121, tt.

Catamiti 121, 3.

0555151555511015 301, 18.

05151301, 12.

05151 71, 1. 01, 7. Cereris 71, 0.
-rebm 101, 11. -15 71, 3. 311, 27.
35 ,27.

0151151111 351, 2.

Chaos 311, 5.

0551151115 351, 3.

Charites 351, 13.

 

