00

0551115511,8. , 1115555521,155 5111555.
Neptunus 121, 17. -5515 101, 8. 311, 111151551351, l.

55. 511, 15. 51511155, 55.
Nili 11, 0. 01, 1. 151, 17. 1115155351, 30. 1115111155 351,31. -1155
Nioben 351, 25. 351, 33.
1155201, 13. Pluton 71,10. -15515 01, 2. -tonem
Nyctei 351, 10. 81, 5. -1555 71, 22.
Nymphens 351, 30. Pollux 351, 21.
1155581, 15. Polyidus 351, 5.

Porphyrius 131, 23. -51 131, 0.

0555555311, 17. ·5131,11. 301, 2. Postumius 71, 10.

351, 10. 13. 351, 20. Prognen 301, 15.
0515 81, 17. -tam 121, 20. Prometheum 311, 21.
0555155351, 12. Proserpinae 271, 1. -nam 71, 7. 81,
0155551351, 10. 20. 21. 01, 13. 101, 13.
Olympiadem 351, 20. Protei 351, 30.
Olympus 351, 2. ·pi 101, 21. Prothoeu 111, 22.
Opuntem 301, 28. Protogeniam 351, 28.
orchomeni 351, 31. -5515 351, 10. Prudentiori 311, 11.
05555311, 33. 311, 8. Pyramum 301, 10.
Ortus 201, 20. Pyrrham 351, 27.
05551511, 3. 12. 05551115 11, 11.

21,11. 17. Osiridis 271, 25. 0555151

ἒξῑῗῖῃιὲὁιέᾗιλ omi„ 91111· 111113101111351, 311, 5. 111555 311,

0111111· 51115015153051115.
1150555051, ῃ, 1155515111, 11. -15171, 10.
Palici 351, 20. omauum 211, 10. ·51 71, 25. 5541,

P·}¹;:li}m ἑὲᾗῖῗι 1178. ²². 151, ¹³· 24· 7152111 4118111517.
.-11 1 .
Pallas, 151, 2. 8., -1551551 151, 1. 55155155351, 30.

-15515151, 1. 851515 111, 12.
1551555581, 21. 8515515515 171,10. 201, 12.
Pandionis 351, 11. 85555 351, 31.
Pandoram 351, 20. Sarpedon 351, 21. 351, 17. -douem
Pcscboe 281, 12. 1155515 281, 11. 121, 10.
Patroclum 301, 28. 855155 131, 7. lippae 131, 0.
Pelasgus 351, 20. 85155555 121, 1. 311, 1028. 311,
15155311, 25. 20. -51301, 18. -5551 111, 22. -55
Pelops 111,(1. -515111,18. 111, 3. 151,18.

-pern 111,10. Scytha 111, 18. 10. -11155111,20.
Penei 351, b. Sebozium ionem 101, 10.
1155555 15555 71, 13. -551511, 12. 8515555 (1) 351, 11 aot.
Persae 11, 8. -5555111,21. 25. 8515201, 13.
Persephonae 311, 20. 11555515555171, 8555155351, 20.

7. Persel'onen 351, 27. Serapis 131, 0. 131, 5. 11.
Perseus 351, 10. Siciliam 351, 20.
Persicae 11, 8. -5511,23. -ca 331, 8115555 01,15.

8155 101,13. 201, 12. 251, 21.

Ρ555155515 21, 10. 851 101, 1. 8511 121, 10. Solem 101,
Ρ5155 311, 1. 25.

11055515 311, 11. Sparta 81, 10. 121, 20.

Philomelam 5. llil. Steropen 111, 21.

Phoci 5. iloni. Stoicorum 131, 23.

Phoebe 311, 21. Substantiam 311, 13.

Phoenix 351, b: qs. Fen. Syracusas 81, 13. 18.

 

